0060584629
0008158282
000715481X
0316000698
0316342939
0375422730
0316000744
0307103889
0385683421
0062409883
0156030322
0385344740
0060113022
0316328898
0230769152
0140863281
0061779741
0312425902
0007305567
0143144391
0399150684
0142408255
0316777722
0375811354
0140350136
0316071048
0062030310
0349405611
0307284034
0312204787
0140433953
0312303467
0316018708
0060012366
000171337X
0316010367
0425236757
0349414939
0140035664
0062209507
0340938110
0006483011
0060582545
0140348808
0006511317
0060582588
0002005263
0006392237
0062082361
0316341398
0027701301 TOTAL: 2
0316055433
0312856512
0060920254
0062227289
000715707X
0060527463
0345466616
0316225908
000712838X
0425256383
0425255662
006195070X
0140861750
000766141X
0143106708
0060815140
039915972X
0027164403
0007548672
0062066005
0375434305
0345331397
0399160760
0312252943
039915910X
0143109855
0060794410
0385427107
0007263899
014311283X
0345504976
0373802722
000746603X
0375408827
0399231161 TOTAL: 2
0001846590
003055442X
0060156953
0007141076
0061284262
0375402314
014036711X
0142800872
0307704858
0091944244
0316216690
0060518049
0060536292
0374106681
0312042779
0070480745
0307283666
0329258400
0399230033
0142404039
0316013935
0425196747
0393240231
0375414819
0399134654
0060825804
0385393997
0375402675
006051048X
0007379587
0143143808
0194791793
0143142496
0307967115
0375836314
0007158955
014050639X
0307245934
0062069918
0385378661
0140009930
0340734302
0143059114
0007531966
0140008330
0307121259
0385393938
0307908259
0140506330
0230756212
0307277232
0316225983
0007120249
0060149361
014018998X TOTAL: 2
0007350856
0143057588
0307702103
0316057851
038072541X
014101587X
0060013257
0062129473
0304307475
0385310277
0375403779
0385516401 TOTAL: 2
0312088469
0316154741
0060119071
0142800082
0143115618
0028603958
0140324623
0345235886
0062429078
0060224657 TOTAL: 2
0307879453
0002256312
0060513535
0060589779
0060575123
0143058452
0312377045
0007169698
0152191755 TOTAL: 2
0007175191
0316058831
0028180054
0060742909
0142428280
0062049801
0374360960
0091958164
031615976X
0399159312
0060757612
0062094548
0091958849
0375403825
0312938640
0399207074
0143057758
0373090722
0399161481
0151008353
0140366148
0001381733
0394843738 TOTAL: 2
006027106X
0393040631
0143057340
0142425710
0141004312
0399158588
0007127049
0306821664
0349401837 TOTAL: 2
0007117213
0330449605
0143057952
0312319517
042524413X
0099557266
0312364121
0060394390
030790735X
0399144676
0007327064
0062237101
0099460165
0060008296
0151010986
0007449313
0307021343 TOTAL: 4
0399164421
0143108182
0143058738
0385336667
0307337332 TOTAL: 2
0307932230
0399158308
0099555352
0143143476
0307970884
0143145371
0140108955
0062219022
0140548963
0141802766
0142423424
0140569324
015204566X TOTAL: 2
Part2
0307877132
0307943232
0062134701
0060168714
0399593489
0307284042
0399146784
0143057448
014043514X
0060248122
0060956976
0099452243
0241145368
0307750906
0316001449
0007925565
0307277674 TOTAL: 2
0399151583
031060530X
0142800422
0345434684
0381980391
0395181569 TOTAL: 3
0374311048
0375434321
0316021822
0143035304
0395557011 TOTAL: 2
0060092955
0316010138
0316405388
0140069305
0142427764
0307378403
0061766224
0307914429
0060912790
0307020460 TOTAL: 5
0345540875
0307946916
0062324055
0140303634
0312360800
0060540435
0307749649
0060584750
0142428817
0099244721
0143059211
0061714658
0399147284
0140433880
0060890096
0142800376
0395169615
0380709260
0333270037
0349122598
0060873094
0385352107
0306818809
0394560620
0394832868
0143142364
0224606417
0316058165
031204867X
042513301X TOTAL: 2
0001048767
0143057189
0394824903 TOTAL: 2
0307877000
0001384198
0140274065
0307284050
0143171097
0062657542
0345486609
0061287512
0425086623
0330484540
0060263970
0143142445
0316010715
0297849123
0030554381
0062378082
0027228215
0141384956
0060093889
0060816074
0004244079
0060554142
0006513840 TOTAL: 2
0307246248
0312346069
0312856520
0340977094
0375405666
0143145428
0141006501
0393072231
0316154067
0027651304
0007444117
0060185775
0143143611
0316242829
0143059130
0147525071
0316234494
0060537639
0141378247
0307914208
0001050230
0062320084
0399148469
0060196254
0007105673
0002219247
0007166311
0316015784
0375834036
0007384289
0312546890
0385366124
0307970213
0375812156
0140385622
0307987779
0143115626
0380809389
0075536447
0230749259
0062132474
0062221388
0143058673
0140440488 TOTAL: 2
0312354355
0340840161
0030624266
0070212570 TOTAL: 2
0060815132
0091906814
0307725111
0307930084
0375861378
0060082968
0316289116
0061824585
0310948517
0006479561
0060765933
0380818612
0132268310
0060542721
0061731161
0399149155 TOTAL: 2
0060012439
0307578070
0008124868
0312356854
0349403759
0140430229
0142429279
0001844423
0312549652
0330369008
0007102623
0330444085
0143057642
039917334X
0060235152
0062270524
0143142372
0340259892
0399151443
0061009059
000172066X
