0062219022
0026378027
0375405445
0142400580
031264521X
0140501827
0340979496
0060119071
0060013257
0061235989
0385537859
0140502343
0385393997
0060082968
003055442X
034612557X
0307914208
0307930084
0061119741
0295976411
0001712799
0399159347
0001061240
0062320084
006077777X
0062270524
0307914429
0131523597
0375848207
0001384198
0060153962
037032921X
0061235903
0007420412
0007350783
0130136336
0001712764
0140448926
030799063X
006028479X
0099465647
0060815140
0230749259
0310243041
0399230033
0099664313
0099911701
0007444117
0028180054
0060149361
0007271239
0385539436
0307021521
0060093889
006024240X
0060527463
0062110764
0140324623
0316228532
0007384289
0001713353
0425258130
0312549652
0143125338
