0060187956
0345543254
0345425324
0026045702
0333647181
0099268701
0060584629
0007351054
0060890320
0008158282
0061946869
0007294948
039306770X
0312271794
000715481X
0316000698
0316693200
0143112295
0316199982
0316342939
0375422730
0060001941
0312864787
0375758593
0316000744
039306123X
0385488440
0307103889
0385510101
0061928798
0140446737
0385683421
0385541198
0062409883
0156030322
0385344740
0399157786
0195126394
0060113022
0316328898
0307270742
0375724885
0312552696
0307408868
0060177721
0060283157
0099465647
0306822245
034542753X
0143034359
0230769152
0140863281
0061779741
0345452704
0375868941
0060008776
0060183713
0312425902
0399144315
0143170090
0007305567
0143144391
0307118398
031218008X
0399150684
0142408255
0007177437
0045300232
0060266864
0316777722
0307911543
0060207507
034546706X
0345468694
0345475518
0375811354
0134374940
0099457156
0140350136
0345446666
0007518021
0060840900
0316071048
034553199X
0062030310
0060177853
0349405611
0330457128
0307284034
0312204787
0060838582
0140433953
0008117497
0312303467
0312365748
0316000736
0316018708
0307010856
0385372477
0385537859
0395070627
0099740915
0060012366
0140448926
0399159894
0060571993
000171337X
0316010367
0001711296
0099466708
0425236757
0141365099
0349414939
0099481685
0060557818
0316666009
0140035664
0062209507
0295976411
006019832X
0340938110
0006483011
0060582545
0140348808
009941516X
0316024627
0006511317
0375432329
0060582588
0002005263
0006392237
0062082361
0345464958
0152051708
0316341398
0141184183
0060563079
0027701301
0316055433
0345499565
0312856512
0395444845
0330419129
0060920254
0345505336
0312367481
0316225886
0060809248
0385334893
000726755X
0062227289
0060950668
0060163704
0307275639
000715707X
0027116905
0001713256
0062394568
0307455173
0061143405
0201408252
0307021521
0307463982
0340794895
0399148450
0312085125
0060527463
0345466616
0316225908
0330508121
0375412085
0002005883
0060548258
000712838X
0425256383
0349140359
0395746566
0425255662
0007155662
0060256672
006195070X
0140861750
0151010196
0385541171
0061728985
0140434186
0027676463
000766141X
0007347073
0099249111
0143106708
0375415122
0142004030
0395252962
0140502343
0060815140
039915972X
0099511657
0027164403
0194792226
0230754902
0007548672
006026683X
0062066005
0141024534
0060734019
0375434305
0345331397
0007158459
0345427505
0399160760
0312252943
0340822538
0399566813
0060392452
039915910X
0142405957
0143038419
0143109855
0062206230
0060794410
0140022651
0007420412
0061215120
0312289901
0099429799
0395881455
0007368658
0060525231
0140375880
0385427107
0060264802
0007263899
0062198890
014311283X
0345504976
0316603570
0373802722
000746603X
0375408827
0385375158
0385543026
0399231161
0001846590
0312365160
003055442X
0060156953
0007141076
0008163715
0060933216
0061284262
0375402314
014036711X
0140445080
0312358377
0142800872
0307704858
0091944244
0026070200
0316216690
0330348779
0060518049
0385420781
0330412701
0060536292
0312352573
0374106681
0307277488
0316938726
0312042779
0399148248
0070480745
0307283666
0375848207
0060272287
0312626681
006027087X
0140500480
0143124072
0142403245
0307275558
0329258400
0143125338
0316069515
0385339151
0399230033
0142404039
0091937523
0316013935
0060207655
0374301891
000713746X
0060188731
0395543827
0425196747
0393240231
0062435841
0307346609
0375414819
031264521X
0399134654
0008220077
0060825804
0143111582
0060892994
0394872185
006067556X
0385393997
0375402675
037540144X
006051048X
0316069485
0007379587
0143143808
0140542957
014023828X
0099415178
0140257934
0194791793
0007554850
0143142496
0307967115
0375801677
0385187920
0140390448
0001720279
0230749283
0375836314
023070395X
0007158955
0060193697
014050639X
006051468X
0330361120
0143113569
0307245934
0385730640
0062069918
0385378661
0140009930
029271050X
0385323069
0399150560
0340734302
0142001430
0143059114
0192831992
0007531966
0345487133
0140008330
0307121259
0007169973
006058565X
0385393938
0140075623
0307908259
0375500723
0373256205
0297002546
0340770708
0345519833
0140506330
0060233508
0071446435
0061988243
0060254939
0060298480
0230756212
0307277232
0316225983
0060563745
0007120249
0060149361
0399147020
014018998X
0061733636
0140245510
0297833936
0060598964
0007350856
0143057588
0310708257
0375411089
0316154601
0099570335
0140302689
0152025057
0307702103
0316057851
038072541X
014101587X
0141036249
0060013257
0061997102
0062129473
0304307475
0385310277
0007181701
0375403779
0307473716
0385516401
0385660073
0312088469
0316154741
0060119071
0142800082
0312383711
0142400998
0143115618
0060099402
0061119741
0312360320
0028603958
0060516054
0140324623
0345235886
0297747541
0345543246
0373803516
0385732953
0062429078
0060224657
0399215921
0312316798
0385516711
0062051857
0307879453
0002256312
0099771519
0140434917
0060513535
0060589779
0060161183
0060575123
031225346X
0395759242
0143123300
0143058452
0312377045
0007169698
0060280735
0140053204
0385001991
0385336675
0330487256
0062110764
0062011847
0312541198
0152191755
0007175191
0375829709
0061992704
0007286414
0312306261
0140544518
0316058831
0028180054
0345432185
0007173148
0399147101
0316154059
0060742909
0316590312
0147510481
0385341008
0060740787
0316069418
0142428280
0062049801
0356500276
0060158638
0345504992
0060514574
0060558121
0140309578
0062224077
0385337515
0396093205
006443348X
0002005549
0099540762
0380725835
0374360960
0026203103
0091958164
031615976X
0399159312
000735083X
0062124277
0060757612
0140469710
0062094548
0060283122
0141188936
0312865430
0375858601
0385352859
0385539436
0140187952
0062391909
0425099997
0375505741
0062311158
006077777X
0091958849
031603438X
0060529148
0375403825
0399900705
0312938640
0060675322
0312349483
0399207074
006124189X
0143057758
0373090722
006028479X
0307950476
0345533666
0399153721
0399161481
0152056610
037543190X
0151008353
0140366148
0307387178
0001381733
0060765895
0307949788
0385385226
0394843738
0399147624
0195210425
0345541391
0399214577
0394716795
006027106X
0140266771
0375847383
030727103X
0316228532
0001712799
0375422765
0393040631
0307950174
0007513763
0143057340
0307953076
0393050572
0330490265
0425205681
0007173113
0345433262
0064434990
0060004908
0142425710
0151262276
0307946665
0394800818
0141004312
0399146687
0345542975
0399158588
0007271239
0007127049
0307986497
0399153284
0375422188
0060741872
0099302780
0199542880
0306821664
0152005722
0002247399
0143500880
0349401837
0307378411
0099515237
0399155694
0316328804
0007173121
0099664313
0099478986
0007117213
0330449605
0142002399
0195379799
0062227327
0060391448
0143057952
0312319517
0394896955
0395176840
0399144706
042524413X
038513181X
0060261803
0312316690
0375758232
0060177969
0373255802
0399151877
0310214599
0099557266
0140296476
029764372X
0312020309
0140430075
0312364121
0060394390
030493805X
0312349505
030790735X
0399144676
0425258130
0316011770
0007327064
0399150862
0312553684
0312198493
0143120980
0345455916
0061235989
0140366679
0062021877
0345452887
0062237101
0060582553
0316225940
0340898208
0140439072
0312282990
0312422156
0061836923
0099460165
0060008296
0151010986
0399151575
0099464462
0316001821
0007449313
0060188707
0307021343
0385605145
0399164421
039918502X
0143108182
0143058738
0375503374
0143034367
0141331976
0061998958
0385336667
0385528086
0060512806
0312253486
0060852569
0140502416
0099281996
0345544048
0349004587
038534905X
0307337332
030799063X
0140437681
0394805801
0060286822
0399159304
0195622553
0307932230
0316182540
0399158308
0001061240
006024240X
0140019960
0312284683
0385382987
0312113420
0099555352
0099451956
0143143476
0062413864
0399149775
0399176616
0030664128
0307970884
0007251165
037543318X
0143145371
0060530626
0140108955
0062219022
0140548963
033041965X
0141802766
0142423424
0140569324
0064403688
0399167307
015204566X