0312853238
0007350961
0152018956
0307877132
0393071952
0307956776
0307943232
0060125314
0062467255
0142400580
0062134701
0060168714
0007169922
0061351415
0307021602
0230707033
0399593489
0141004924
0307284042
0312510810
0001712764
0399146784
0143057448
0007224796
0099478390
030747691X
0375724842
014043514X
0060193336
0099269309
0099410389
0316273554
0060248122
0375806709
0060006986
0060956976
0143110381
0099452243
0241145368
0062218301
0140501711
0141361794
0399162380
0307750906
0316001449
0375430881
0061999296
0316200638
0099549069
0099468190
0151002835
0399167447
0399179135
0007925565
0316010790
0147520762
0151152780
0060540915
0307986241
0393012522
0307277674
0399151583
0307947076
031060530X
038533916X
0091816971
0307456633
0142800422
0375431608
0345434684
0375432124
0381980391
0060740221
0131523597
0061915130
0312577222
0395181569
030726291X
0374311048
0099446758
0395551137
0007350783
0307272591
0028627717
0312546904
0316105848
0099406136
0375434321
0394806697
0060545453
0312614578
0310243041
0060119012
0345438329
0316021822
009917961X
0099416158
0143035304
0393060578
0395557011
0399164146
0007158513
0061699063
0151008116
0060092955
0151002274
0316010138
0142003808
0060191538
0006544894
0140390197
0316405388
006020186X
0316545317
0330457101
0399132635
0091955106
0385341636
0399152083
014050172X
0020852517
0140069305
0142427764
0307378403
0316013560
0151823235
0007151276
0007141882
0061583251
0140390316
0061766224
0307914429
033029069X
0345341988
0312331754
0060278684
0312352557
0312614586
0140367713
0380802457
0060912790
0307020460
0140177361
0345540875
0061958514
0307946916
0007195303
037032921X
0399157611
0060175966
0062324055
0310240506
0060562048
0060510862
0060283289
0006158048
0143119494
0395137209
0024181900
0140303634
0312360800
0060540435
0307120007
0060229357
0312365721
0340979496
0307749649
0060193611
0060584750
009941077X
006113399X
0142428817
0307020711
0316069361
0397303998
0099244721
0143059211
015206057X
0307277712
0399159371
0345435419
0061714658
0312421265
0143104888
0399147284
0001716069
0007175167
0142403520
0385539622
0140433880
034612557X
0030845742
0007265077
0060890096
0142800376
0395169615
0380709260
0333270037
0312861761
0140276335
0349122598
0060873094
0316009571
0385352107
0345441745
0151191549
034546401X
0060525282
0099521245
0306818809
0394560620
0394832868
0312301154
0060837764
0060161582
006017773X
0143142364
0375868259
0224606417
0312495412
0306805731
0316058165
014017737X
031204867X
0007201966
042513301X
0140011161
0307276856
0007149832
0020427115
0297858963
0001048767
0143057189
0394824903
0399159347
0262024373
0375829350
0061670138
0307476073
0307877000
0385496850
0316184144
0312312644
0316341118
0001384198
0140274065
0140386645
0385352093
0307284050
0143171097
0312649622
0062657542
0345486609
0425247546
0061287512
0425086623
0142004022
0330484540
0393019624
0060263970
0374214913
0375725601
0399151397
0141039280
0307291227
0143142445
0307278441
0140501827
0141004916
0345533429
0140177388
0316010715
0297849123
0030554381
006026358X
0062378082
0375821783
0027228215
0395729521
0141384956
0060093889
0385338503
0001720392
0399153233
0143125435
0241308550
0385349173
0060816074
0060934700
0004244079
0393035158
006224776X
0060554142
0006513840
0307246248
0312655452
0312346069
0375847588
0001712810
0060736003
0312856520
0071428488
0141043768
0340977094
0375405666
0394480767
0060514957
0233995595
0061147931
0143145428
0395779278
0001713353
0141006501
0060115459
0099457164
0393072231
0345447840
0061624764
0140557741
0375810390
0140178414
0141354224
0195170342
0316154067
0006511309
0099443635
0099728605
0142408476
0345543122
0373285329
0399172149
0099448599
0027651304
0007444117
0397550073
0152024883
0007175221
0060185775
0060153962
0307731715
0143143611
0316242829
0143059130
0425191710
0061243582
0142001805
0142407089
0312347294
0147525071
0316234494
0030562945
0007181604
0060537639
0340820462
0141378247
0141312335
0374177724
0380804905
0375405445
0060263466
0099539551
0099911701
0307914208
0425140989
0060284773
0143036688
0330438883
0375870644
0307341577
0001050230
0399147772
0062320084
0224095374
0007329067
0061235903
0062248170
0099506130
0143129430
0385373120
0375701907
0399148469
0307885151
0307957837
0007178484
0062224069
0060196254
0007105673
0002219247
0007166311
0307265439
0137020171
0026378027
0307408841
0316015784
0375834036
0330452185
0060512776
0143127527
0007384289
0316206857
006051518X
0099456761
0307976823
0312546890
039915289X
0099547627
0385366124
0140254544
006017322X
0373831013
0142004332
0307280462
0141335734
0307970213
0316288934
0375812156
0140385622
0307987779
0140503501
0375834095
0385491026
0140288503
0312353723
0316724750
0345476670
0143115626
0380809389
0075536447
0230749259
0062132474
0062221388
0143058673
0142000345
0140440488
0060541334
0345804902
0060723939
0007254806
0312354355
014050740X
0140569898
0007329083
0340840161
0030624266
0070212570
0099269295
0130136336
0399151435
0152025413
0345434234
0060815132
0091906814
0231164688
0307725111
0001951076
0002006448
0380713810
0062365576
0140440410
0307930084
0375861378
0060082968
0316289116
0061824585
0345532015
0310948517
0143114395
0310205719
0399592490
0006479561
0060765933
0380818612
0140280553
0132268310
0393082415
0060542721
0061731161
0399149155
0312205406
0060012439
0307578070
0008124868
0307463915
0312356854
0349405662
0349403759
0140430229
0060209917
0140296034
0140504419
0142429279
0140373535
0001844423
0312549652
0330369008
0007102623
0007165870
0395109191
0099507641
0330444085
0241137853
0375832556
0312319169
0385389248
0143057642
0345487427
039917334X
0060235152
0062270524
0399221417
0316069434
0143142372
0316353957
0340259892
0399151443
0142428337
0399172750
0345477006
0061009059
000172066X