0001713353
0001061240
0001932349
0001712799
0002006448
0002005263
0001384198
0001381733
0001711296
0001716069
0001712764
0001720279
0001720392
0001713205
0002111306
0001950061
0002112256
0002051850
0002152525
0001052292
0001714716
0002000318
0002005018
0002117088
0002005395
0001945424
0002005379
000171287X
0001844423
0002005549
0002007215
0002117908
0002155192
0001951076
0002167638
0002180618
0001713256
0002214830
0002217961
000100039X
0002213311
0001956604
0002221020
0002216620
0002226723
0002219247
0001846590
0002245264
0002226618
000171337X
0002242052
0002185385
0002172690
0001048767
0001713167
000171211X
0002256312
0002256649
0001712810
0002241447
0002247437
0002116456
0002246678
0001713078
0002247275
0002252317
0002253194
0001050230
0002241277
0002232618
0002257556
0002261251
0002259524
0002259664
000172066X
0002247402
000226157X
0002433036
0001720295
0002250101
0002259753
0002261367
0001049143
0002168758
0002255863
0002310015
0002310988
0002258757
0002247399
0002261596
0002310090
0001046314
0002621037
0002158663
0002246791
0003303187
0004103033
0002614545
0002311909
0004244079
0004704746
0002317850
0006132138
0004340515
0001047868
0006064922
000612609X
0006130577
0006151353
000614182X
0006148697
0006166032
000274080X
0006168124
0006142117
0002228963
0003302245
0006176070
0006167918
0006177301
0006173624
0002245833
0006176909
0006172768
0006167004
0006166512
0006152465
000616546X
0006171982
0006158048
0006176976
0006280544
0006280560
0006371949
0003395693
0006167357
0006383475
000231309X
0006140823
0006281141
0006383483
0006172202
0006353282
0006479227
0006479561
0006392903
0006393802
0006379702
0006393195
000613887X
0006483232
0006387527
0006486029
0006476414
0006496873
0006483011
0006482783
000649921X
0006490344
0006476155
000651202X
0006512550
0006478980
0006511074
0006484522
0006157513
0006479006
0006511279
0006530699
0006170056
0006513255
0006498515
0006137989
0006510418
0006485944
0006511309
0006161227
0006514774
0006546846
000648011X
0006511317
0006543545
0006513220
0006499627
0006548474
0006513050
0006532365
0006551807
0006511295
0006510426
0006551475
0006480101
0006492460
0006733271
0006544894
0006499171
000649885X
000651040X
0006513077
0006514936
0006499228
0006545793
0006812996
0006755232
0006755143
0006530702
0006755488
0006530400
0006175015
0007100450
0006499163
0006514367
0006392237
0007105673
0006145388
0006735967
0006531458
0007105568
0006546900
0006512879
0006497071
0006496903
0006478964
0007110928
0007111584
0006547265
0006511252
0007113080
0006545866
000711835X
0007111096
0007109687
0007120680
0007116985
0007119305
0006532462
0007102623
0007119313
000710829X
0007113803
0007119593
0007124473
0007109628
0007116446
000712838X
0007111444
0006754007
0007120125
0007127944
0007121113
000710071X
0006513840
0007127111
0006863434
0007122209
000713231X
0007137281
000713746X
0007141785
0007136846
0007101716
0007119283
0006551734
0007141874
000714637X
0007141343
0007141882
0007150415
0007127049
0007117213
0006514642
0007149883
0006625746
0007127898
0006540279
0007150342
0007131925
0007121024
0007147295
0007146930
0007137818
0007118317
0007149832
0007154607
0007141076
0007133766
0007148895
0007157290
0007145632
0007161158
0007161263
0007120249
0007155662
000715707X
0007142315
0007141769
0007158459
0007165870
0007169930
0007152531
000715481X
0007158505
0007169698
0007122187
0007171226
0007172826
0007149530
0007163975
0007119534
0007157169
0007151276
0007177437
0007166311
000716212X
0007145594
000717313X
0007178484
0007176325
0007170785
0007175221
0007169973
0007180616
0007181701
0007165161
0007173989
0007173113
0007178638
0007183135
0007175167
000715920X
0007173156
0007174640
0007179448
000719093X
0007173571
0007173121
0007180411
0007181604
0007190174
0007165005
000714282X
000719174X
0007190301
0007196156
0007173148
0007196962
0007198019
0007189885
0007141424
0007161913
0007172990
0007193181
0007182325
0007190042
0007195087
000719823X
0007198876
0007182317
0007190611
0007181582
0007201745
0007169922
0007201761
0007195109
0007207433
0007182813
0007197675
000719739X
0007204493
0007201788
0007200285
0007205600
0007161077
000714573X
0007148976
0007217226
0007196121
0007182155
0007201109
0007197594
0007194161
0007195303
0007155018
0007223773
0007219822
0007196997
0007202296
0007201818
0007215053
000720602X
0007231601
0007176236
0007158513
000715464X
0007224893
0007240430
0007175191
0007236093
0007226586
0007196954
0007158955
0007217838
0007242476
0007201583
0007210035
0007219733
0007204442
0007194498
0007221061
0007219172
0007202628
0007169639
0007214227
0007247095
0007224796
0007241615
0007234929
0007243227
0007254008
0007196202
0007219121
0007175205
0007254806
0007261918
0007260229
0007184425
0007232489
0007250916
0007263457
0007265719
0007201966
0007267622
0007261306
0007269374
0007230060
0007263678
0007270607
0007263589
0007273819
0007217196
0007217099
0007243626
000726755X
0007276885
000726349X
0007261349
0007263899
0007271239
0007230206
0007284241
000727095X
0007250886
0007267568
0007274572
0007270747
0007257058
0007288867
0007275706
0007286384
0007299540
0007275625
0007284543
0007302061
0007191324
0007303734
0007305060
0007290802
0007304501
0007304099
0007258178
0007304544
0007286414
0007298609
0007305567
0007101686
0007304552
0007313217
0007312148
0007236425
0007304838
0007305931
0007311648
0007302142
0007304145
0007217137
0007295685
0007313179
000722852X
0007321961
0007318529
0007317298
0007326335
0007327064
0007329083
0007317239
0007265077
0007310250
0007331908
0007329067
0007284748
0007331819
0007336829
0007251165
0007337647
0007342586
0007337701
0007334060
000733186X
0007343906
0007281447
0007311273
0007347073
0007350430
0007337876
0007344031
0007242980
0007350783
0007351054
0007338104
0007344600
0007350031
000720924X
0007244649
0007359101
0007353588
0007384319
0007350899
0007379587
0007350465
0007388160
0007364199
0007367759
0007384262
0007375263
0007386621
0007318499
0007357362
0007325169
0007419538
0007350961
0007419503
0007420412
0007368658
0007367473
0007378033
0007384289
0007353855
0007310560
0007291183
0007414021
0007361432
0007341377
0007269854
0007425716
0007424485
0007419597
0007349106
0007419570
0007436823
0007439261
0007437269
0007444249
0007452926
0007452969
0007444206
0007431783
000735083X
0007455909
0007455917
000742311X
0007453566
0007350856
0007437854
0007444117
0007453523
0007459173
0007458347
0007447868
0007427743
0007398557
0007353847
0007442637
0007449232
0007413521
0007456026
0007455925
0007449488
0007464592
0007410913
0007367899
0007467818
0007446306
0007467648
0007446977
0007310188
0007479611
0007449313
0007461100
0007441282
0007485743
0007489943
0007467516
0007494017
0007494688
0007444257
0007489447
0007273754
0007462700
0007491557
0007490542
0007492537
0007504063
0007508646
0007456719
0007452985
0007507097
0007511493
0007504195
0007501447
0007452934
000749467X
000746603X
000752692X
0007518021
000746777X
0007521324
0007523629
0007533322
0007520344
0007520158
0007540302
0007503911
0007493754
0007525052
0007520646
0007503210
0007514271
0007459238
0007482876
000724780X
0007548672
0007550715
0007487223
000752031X
0007501307
0007547412
0007546556
0007513763
000755236X
0007544278
0007545584
0007461763
0007461755
0007555342
000757939X
0007581238
0007546017
0007554850
0007589182
0007507674
0007586345
000755365X
0007546637
0007548141
0007531966
0007581270
0007590784
0007546394
0007588690
0007557280
0007526024
0007553633
0007553692
0007581254
0007569378
0008100462
0007557744
0007527349
0007951183
0007546661
0007902107
0007579802
0007557787
0007557272
0007905947
0008119090
000812485X
0007557906
000811756X
0007925565
000749419X
0008131368
0007410956
0008135290
000813507X
0007433298
0008131996
000813135X
0008128006
0008102147
0008128057
0008126836
0007579322
0008124868
0007821859
0008124825
0007673434
000766141X
0008168482
0008163715
0007575327
0007590806
0007529902
0008168180
0008159025
0008214204
0008117497
0008229376
0008195935
0008205043
0008225354
0008272956
0008211035
0008103488
0008134952
0020136609
0020198906
0008220077
0008260109
0008132526
0020119305
0020264801
0020259107
0020165811
0020095007
0020291922
0020223420
0020088221
0008158150
0020381026
0020321708
0008118922
0020346212
0020427115
0020430310
002045600X
0020452705
0008160635
0020207638
0020430906
0020700105
0020425651
0020519109
0020199201
0020298021
0020449313
0008272085
0020838700
0020223722
0020746903
0008209170
0008267944
0020435207
0020896409
0020868707
0020519605
002035620X
0020518102
0020199856
0020436203
0008158282
0020199503
0020518706
0020425759
002047430X
0020519001
0023895306
002353110X
0024248606
0020446500
0025483358
0025473905
0024288101
0025652001
0024277800
0024181900
0023201606
0025015605
0025656708
002542730X
0020852517
0026033402
0025853503
0026203103
0026202905
0026045702
0025160036
0026070200
0026009102
0026276615
0025708309
0025433008
0025955004
0026887541
0026203200
0026378027
0025313509
0027110303
0027181006
002722970X
0027116905
0027291855
002687525X
0026890224
0027348407
0027228215
0027436225
0027651304
0027164403
0027229807
0027459101
0026128101
0027746100
002711080X
0027375854
0027197107
0027888355
0027379108
0027459004
002717350X
0027822508
0027888304
002782683X
0028180062
0027701301
0028608135
0027357813
0028179943
0027676463
0028603958
0028180054
0028610105
0028620631
0028617363
0028625889
0028627717
0028632613
0028631056
0028634063
0028631919
0028639022
0028626036
0028641418
0028639448
0028642279
0028643771
0028634691
0029024803
0029021901
0029146739
002916785X
0029160308
0029192358
0030037166
0029216052
0029109752
0029266718
0029303605
0029216702
0030007429
0030074312
003017631X
003013661X
0030295580
0029238374
0030331501
0030080371
0030466377
0030491266
0030442818
0030574862
0030549825
0030562945
0030565073
0030358159
0030565812
0030559944
0030554179
0030624266
0030547830
003055442X
0030612632
0030554543
0030679958
003061516X
0030590434
0030632013
0030719798
0030554381
0030547741
0030515041
0030845742
0030818516
0030839939
0030852544
0030801206
0030862108
0030664128
004440865X
0060000805
0060001933
0060002395
006000441X
0060002719
0041710045
0045300232
0060004878
0060004754
0060004614
0060004770
0048230960
0060005777
0060005556
0060005505
0060006935
0060002484
006000665X
0060008296
0060007362
0060004908
0060007672
0054563372
0060001941
0060004622
0060000910
0060008725
0060006412
0060007206
0060009837
0060005548
0060009225
0060011912
0060008245
0060012358
006001184X
006000438X
0060008032
0060008733
0060012900
0060012897
006001203X
0060013257
0060013168
0060009012
0060006307
0060011327
0060008776
0060012366
0060023856
0030995752
006000469X
0060013990
0060006773
0060008458
0060014342
0060080930
0060080957
0060006986
0060081961
0060012420
0060014040
0060082194
0060082127
0060083247
0060082186
0060005696
0060007788
0060086122
0060009772
0060082208
0060083964
0060083271
0060081716
0060083352
0060084103
0060088613
006000942X
0060083115
0060087714
0060086645
0060082968
0060089547
0060088796
0060011602
0060085452
0060013125
0060080922
0060014261
0060012439
0060084332
0060083816
0060090367
0060013761
0060092742
0060013133
006009110X
0060088877
0060007818
0060087412
0060087706
0060086629
006008779X
0060085460
0060088915
0060011416
0060088605
0060092955
0060082909
0060093595
0060096675
0060084367
0060093935
0060099070
0060088737
0060093889
0060090383
0060084049
0060095288
0060097728
0060091290
0060097981
0060092572
0060099402
0060084383
0060094931
0060099097
0060094273
0060097914
0060099267
0060083395
0060093579
0060105240
006011603X
0060107081
0060113340
0060110740
0060113839
0060108746
0060119071
006009026X
0060122846
0060096195
0060112972
0060113022
0060085894
0060125314
0060113073
0060099291
0060080841
0060129565
0060130172
0060084405
0060083972
006008460X
0060138521
0060129913
0060130113
0060114185
0060130008
0060145765
0060113286
0060115912
0060094818
0060125721
0060139498
0060132817
0060150300
0060149906
0060119012
0060145994
0060093749
0060152419
0060148497
0060119896
0060149280
0060153962
0060152028
006014713X
0060152060
0060149361
0060113391
0060137320
0060152656
0060156953
0060157836
0060152052
0060158344
0060133694
0060150424
0060158638
0060149566
0060159049
006015876X
0060160276
0060161582
0060156988
0060163747
0060157399
0060136154
0060154691
0060161728
0060161566
0060166525
0060164751
0060165529
0060168579
0060165731
0060168331
0060165650
0060160500
0060168013
0060168714
0060164557
0060091347
0060099682
0060167254
0060169281
0060115459
0060168609
0060168412
0060161183
0060161647
0060172916
0060173440
0060174951
0060164735
0060172185
0060163704
0060172142
0060173084
0060170131
0060174765
0060160470
0060175818
0060168102
0060175044
0060171316
0060176776
0060174471
0060177640
0060175311
0060175532
0060175869
0060179279
0060178191
006017773X
0060171928
0060177136
0060177969
0060182172
0060177950
0060183128
0060175931
0060175648
0060183071
006017322X
0060179236
0060175346
0060170719
0060166991
0060175966
0060183578
0060183691
0060179325
0060183713
0060185163
0060177721
0060186399
0060157119
0060175273
0060182571
0060175400
0060172525
0060179112
0060186275
0060186348
0060177853
0060182938
0060185414
0060184051
0060183489
0060159561
0060183330
0060185775
0060177241
0060186305
0060187956
0060186674
0060177500
006018891X
0060171758
0060186518
0060187239
0060187263
0060177829
006018793X
0060185341
006016400X
0060191341
0060179376
0060182989
0060187425
0060186364
0060188731
0060185732
0060170085
0060191422
0060190434
0060188804
0060193743
0060192895
0060191813
006019247X
0060183772
0060193670
0060193654
0060191430
0060193344
0060179775
0060191058
0060194367
0060192119
0060194375
006019362X
0060188219
0060195746
0060193638
0007176449
0060193611
0060193336
006019460X
0060193697
0060191503
0060191872
0060196386
006019667X
0060197366
0060197536
0060196092
0060185104
006019541X
0060196211
0060194979
0060195304
006017613X
0060195541
0060195916
0060194480
0060196246
006019653X
0060198303
0060197978
0060185295
006019832X
0060198753
0060191538
0060195835
0060196742
0060193093
0060198133
0060194596
0060198125
006019958X
0060198788
0060196254
006019877X
0060195444
0060198206
0060194456
0060197722
0060195649
0060194219
0060197846
0060191821
0060198524
0060207205
0060188707
0060206861
0060197234
0060199598
0060205342
0060209917
0060196483
0060184124
0060204109
0060192402
0060197706
0060196335
0060204230
0060198338
0060215852
0060199563
0060199423
0060187557
0060198311
0060197897
0060199490
0060201436
0060199326
006019880X
0060218053
0060199547
0060226064
0060196726
0060220732
006022312X
0060224657
0060229357
0060219106
0060223596
0060231718
0060207655
0060236418
0060218525
0060233508
0060229675
0060207507
0060198516
0060233370
006020186X
0060191929
0060224320
0060239638
0060199865
0060241012
0060240792
006024240X
0060243902
0060230142
0060176660
0060239670
0060207671
0060235314
0060239417
0060232943
0060233281
0060214163
0060246421
0060252502
0060198362
0060210982
0060245603
0060247983
0060199202
0060199652
0060198702
0060244607
0060224827
0060239492
0060254939
0060197552
0060256729
0060259345
0060248025
0060255404
0060255358
0060245565
0060254254
0060261803
0060261552
0060256672
0060230746
0060255234
0060259124
0060223383
0060264802
0060248122
0060259078
0060250445
0060263466
0060263970
0060266880
0060243090
0060264268
006027011X
0060266686
0060264608
006026358X
0060268662
0060260300
0060268565
006027087X
0060264500
0060274719
0060252529
0060255005
006027106X
006026683X
0060223294
0060277335
006027302X
0060264195
006027980X
0060230355
0060280735
0060280751
0060269561
0060267003
0060283122
0060283254
0060266864
0060283289
0060256737
0060273224
0060278196
0060279001
0060272287
0060283130
0060256532
0060235152
0060280778
0060286989
0060286822
0060287098
0060277696
0060231173
0060281340
0060288892
0060289333
006028479X
0060278684
0060287616
0060283769
0060292539
0060283149
0060255668
0060280670
0060288914
0060294663
006028465X
0060284153
0060296429
0060285508
0060283157
0060297115
006028871X
0060361204
0060297077
0060290331
0060195576
0060283262
0060298480
0060392827
0060318252
006028448X
0060391502
0060393009
0060394307
0060273240
0060287675
0060287209
0060394390
0060259655
0060393823
0060394072
0060281294
0060392452
0060284773
0060391685
006039322X
0060298774
0060287381
0060292873
0060391464
0060501170
0060501197
006039367X
0060392258
006039384X
0060288906
0060394366
0060394064
006050532X
0060394412
0060503068
0060394455
0060504080
0060505737
0060283025
0060393831
0060506717
0060504137
0060504153
0060290455
0060507012
0060504110
0060506679
0060505753
006050823X
0060505389
0060507152
0060290161
0060509554
0060391448
0060508191
0060510781
0060512202
006051096X
0060507780
0060511060
0060510609
0060511893
0060392193
0060511885
0060513918
0060502304
0060509287
006051048X
0060505915
0060514957
0060514949
0060515139
0060515236
0060515880
0060513713
0060505265
0060502789
0060514108
0060513926
0060518502
0060514922
006051518X
0060508183
0060509430
0060514574
0060512776
0060520078
0060515848
0060519614
0060515112
0060513535
0060519568
0060518286
006052085X
0060296410
0060518049
0060511141
0060520752
0060516402
0060511117
0060518138
0060506733
0060520841
0060522275
0060520221
0060514671
0060519576
0060516054
0060520515
0060525312
0060510862
0060520825
006052538X
0060512636
006051468X
0060525282
0060522038
0060520744
0060512806
0060509406
0060527323
0060519517
0060522755
006052734X
0060518650
0060528184
0060523654
0060515740
0060502959
0060530413
0060525304
0060525355
0060530391
0060526491
0060527234
0060525231
0060527307
0060527463
0060521961
0060527021
0060521228
0060531614
0060506539
0060529148
0060520590
0060532254
0060533986
0060530758
0060530669
0060524316
006053043X
0060530626
0060528435
0060534214
0060534389
0060518898
0060529342
0060525134
0060536853
0060536705
0060537337
0060527544
0060528877
0060520469
0060538139
0060528036
0060539240
0060530944
0060532939
0060538112
0060534397
0060537639
0060540311
0060535636
006051261X
0060539763
0060528168
0060538996
0060540281
0060540354
0060536683
0060541873
0060541334
0060539739
0060539593
0060540931
0060542705
0060539089
0060541040
0060530898
0060541881
0060535490
0060535229
0060544260
0060536292
0060544333
006054435X
0060542721
0060545593
006053950X
0060540974
006054242X
0060545631
0060545763
0060545380
0060521996
0060545690
0060544252
0060541083
0060546646
0060520507
006054063X
006054872X
0060545453
0060540915
0060525126
0060550228
0060527854
0060539496
0060542128
0060545615
0060540435
0060542993
0060554622
0060537205
0060548266
0060548924
0060545534
0060555653
0060554673
0060544384
0060548932
006055679X
006055486X
0060554738
0060555122
0060545739
0060554479
0060540753
0060555513
0060540893
0060555599
0060558296
0060557575
0060550236
0060526157
0060545801
0060559144
0060525118
0060559535
0060539518
0060545798
0060548258
0060560428
0060559128
0060543175
006056086X
0060529709
0060561637
006054581X
0060562048
0060554630
006056105X
0060561998
0060562978
0060554142
0060562390
0060563486
0060562552
0060563478
0060542683
0060548959
0060548940
0060555602
0060564652
0060563710
0060560983
0060565284
0060566264
0060565675
0060558288
0060557818
006056346X
0060562536
0060563745
006055021X
0060563079
0060565551
006056492X
0060563524
0060568550
006056458X
0060566493
0060565527
0060566582
0060562498
0060567104
0060570202
0060570148
0060562005
0060570830
006057058X
0060545828
0060566280
0060571187
006056251X
0060562331
0060571993
0060572841
0060557753
0060574879
0060575123
0060575743
0060574542
0060573880
0060567236
0060570733
0060563893
0060574623
0060570199
0060569662
0060568755
0060576057
0060574275
0060567058
0060575840
0060577312
0060564679
0060578130
0060563397
0060578572
0060578963
0060578629
0060580984
0060578092
0060577088
0060578114
0060582499
0060580828
0060574909
0060581077
0060583304
0060577657
0060575875
0060582588
0060579102
0060584629
0060579528
0060577673
0060558121
0060582006
0060584866
0060563753
0060581999
0060585609
0060587040
0060530308
0060577207
0060586133
0060584750
0060581786
0060587059
0060586583
0060587032
0060585374
0060585528
0060587318
0060590114
0060586605
0060589779
0060586230
0060588225
0060586842
0060569425
006058405X
006059179X
0060592273
0060592141
0060590270
0060590254
0060593776
0060582545
0060590130
0060581050
0060594403
0060594675
0060592885
0060587148
0060589957
0060594551
0060590424
0060596775
0060590327
0060589469
0060596503
0060597615
0060591811
0060596988
0060596708
0060594527
0060598506
0060593083
0060587245
0060598239
006059327X
0060598751
0060595183
0060599669
0060588284
0060580860
0060598808
006058565X
0060598921
0060598875
0060609362
0060598859
0060598689
0060590300
0060594810
0060596368
0060595361
006059506X
0060616296
0060611626
0060598611
0060612665
0060595604
0060608161
0060613513
0060598964
0060630353
0060594152
0060631120
0060633875
0060609176
0060628316
0060607750
0060633166
0060630566
0060582553
0060616334
0060645881
0060630035
0060652861
006065337X
0060654058
006065273X
0060649275
0060628405
0060646918
0060597186
0060663715
0060641770
0060599030
006065581X
0060670770
0060575271
0060675322
0060655186
006067556X
006067539X
0060633158
0060675470
0060596740
0060648082
0060675187
0060723939
0060670630
0060724234
0060722282
0060724420
006072398X
0060723947
0060724005
0060724617
0060723874
0060724080
0060724269
0060724145
006067413X
0060724021
0060722894
0060721790
0060730056
0060726652
006072644X
0060721588
0060591854
0060726024
0060726172
006072160X
0060731257
0060721545
0060730072
0060731583
0060684127
006073146X
0060732598
0060732113
0060732482
0060723920
006072448X
0060731230
0060731680
006073261X
0060731443
0060735058
0060734574
0060736240
0060735023
0060734981
0060733489
0060735414
0060734043
0060735872
0060733977
0060726504
0060735457
0060735422
006073678X
0060731419
006073132X
0060734019
0060723599
0060738170
0060741309
0060727586
0060737875
006074135X
0060736003
0060741503
0060737077
0060742895
0060740787
0060737514
0060745266
0060740647
0060742364
0060731303
0060741872
0060739681
0060736593
0060746769
0060735449
0060742909
0060744871
0060747609
0060747463
0060745169
0060747692
0060740221
0060747528
0060746378
0060742925
0060746408
0060742178
0060746955
006074216X
006074815X
0060745819
0060753463
0060731435
0060747579
0060736658
0060748389
0060736585
0060742445
0060751517
0060755350
0060755806
0060747919
0060725540
0060727217
0060748168
0060742690
0060758279
0060753641
0060757957
0060753870
0060759909
0060757205
0060759046
0060760400
0060759828
006075186X
0060753005
0060751576
0060746394
0060761393
0060755334
0060753684
0060762098
0060747625
006075740X
0060756969
0060758716
0060761288
006073731X
0060763426
0060756632
0060745053
0060761334
0060763620
0060760885
0060760257
0060759836
0060757612
0060761857
0060765712
0060765364
0060758759
0060761512
0060756675
0060772611
0060773758
0060766212
0060763876
0060763671
0060762055
0060764694
0060765941
0060740957
0060765887
0060755547
0060766204
0060765380
0060774088
0060766123
0060771747
0060776544
0060766247
0060763655
0060779195
0060748044
0060761628
0060763884
0060758651
0060781181
0060762349
0060776404
0060778423
0060765933
0060781505
0060777745
0060763523
0060764864
0060779012
0060785829
0060774835
0060779640
0060783702
0060786132
0060786841
0060765313
006078234X
006078220X
0060777044
0060787031
0060789662
0060790830
0060774126
0060779683
0060780940
0060789735
0060786469
0060787120
0060787295
0060765895
006078671X
0060796669
0060792213
0060798726
0060794410
0060789557
0060753382
0060797150
0060798912
0060790598
0060801921
0060781610
0060805323
0060798750
0060789573
0060803770
0060792817
0060805501
0060778660
0060789395
0060787341
0006510868
0060815221
0060815167
0060809248
0060805617
0060817089
0060808268
006081621X
0060816074
0060815140
0060810262
0060808373
0060797142
0060820780
0060820977
0060821140
0060819766
006081537X
0060821442
0060820772
0060820098
0060822554
006077777X
0060822503
0060828609
0060829672
0060828382
0060828579
0060829850
0060827580
0060828404
0060821434
0060810599
0060825405
0060816996
0060815655
0060831162
0060831359
0060826584
0060829826
0060829818
0060833157
0060833211
0060828412
0060819685
0060815124
0060829699
0060830476
0060834897
0060819839
0060837373
0060825804
0060837381
0060840889
0060840552
0060834862
0060841958
0060841613
0060838582
0060841818
0060815132
0060840854
0060810491
0060831146
0060828358
0060833270
0060843829
0060821477
0060843284
0060840900
0060838744
0060837764
0060831383
0060838086
0060843608
0060843292
0060848324
0060846704
0060847263
0060852267
0060837349
006085202X
0060852569
0060845724
0060851996
0060843233
0060856696
0060842458
0060852585
0060845392
0060854065
006085121X
0060855916
0060854235
006087290X
0060859628
0060854111
0060853980
006085281X
006085880X
006087273X
0060874368
0060874465
0060824085
0060852097
0060873094
0060875895
0060875283
0060824972
0060842474
006085412X
006087287X
0060855886
0060881968
0060828862
0060852712
0060881933
0060844094
0060878967
0060872896
0060875976
0060882360
0060882964
0060883529
0060874376
0060855924
0060885580
0060872675
0060852739
006087449X
0060878827
0060885599
0060875410
006087824X
0060884398
0060884614
0060889632
0060878061
0060872764
0060882042
0060890096
0060872799
0060874503
0060890533
0060892374
0060890584
0060897295
0060897899
0060897848
0060887915
0060890320
0060897317
0060899026
0060892994
0060899069
0060887427
0060899115
0060889357
0060892382
0060898925
0060899018
0060898917
0060891297
006090917X
0060898313
0060890681
0060888601
0060904879
0060914343
0060898712
0060899212
0060891564
0060914289
0060907878
0060913614
0060898771
0060912790
0060920246
0060916338
0060922001
0060916427
0060920254
0060923407
0060914378
0060909064
0060899220
0060921145
0060915803
0060925469
0060924713
0060923377
0060915439
0060915447
0060924810
0060920432
006092683X
0060922753
0060929421
0060920882
0060927933
0060923644
0060915943
0060919760
0060930209
0060932147
0060929561
006093140X
0060932058
0060898488
0060929898
0060931736
0060930004
0060934727
0060934794
0060934905
0060934891
0060932694
006093574X
0060937106
0060936649
0060934700
0060936215
0060933216
0060937823
0060935537
0060935456
0060938102
0060937548
0060924063
0060951281
0060938412
0060937807
0060950668
0060936223
0060937971
0060952733
0060935723
0060953500
0060953616
0060937998
0060956283
0060936754
0060952539
0060957174
0060956496
0060956291
0060930721
0060956976
0060935286
0060959681
0060959843
0060958308
006095955X
0060936428
0060970863
0060958294
0060959622
0060972815
0060959355
0060971614
0060961740
0060970723
0060973471
0060957964
0060957867
0060955333
0060972777
0060975008
0060974435
0060976772
0060937432
0060975776
0060972955
0060973218
0060971789
0060977108
0060974591
0060973897
0060972920
0060982047
0060973617
0060976241
0060972084
0060984287
0060973676
0060977744
0060976993
0060971436
0060974060
0060976519
0060959584
0061001775
0061001554
0061002429
0061001783
0060971479
0061003646
0061004456
0061002593
0061007072
0061010251
006101088X
0060960620
0061008095
0061011975
0061003948
0060956704
0061013382
0061015601
0061014176
0061014230
0060957247
006097625X
006100166X
0061020265
0061020397
0061000205
0061015628
006101561X
0061020648
0061040991
0061009059
0061011894
0061002046
0061008087
0061043575
0061050962
006104363X
0061050970
0061051802
0061050938
0061032476
0061044490
0061043451
0061032107
0061052507
0061043540
0061040053
0061051799
0061056022
0061043974
0061020672
0061032204
0061012963
0061020680
0061052604
0061043583
0061056146
0061013706
0061056006
0061043591
006101253X
0061080780
0061080632
0061043532
0061056014
0061083445
006108185X
0061084913
0061053147
0061092185
0061118192
0061119067
006112107X
0061122297
0061124001
0061122211
0061123978
0061124028
0061119741
0061125350
0061116831
0061128864
0061128872
0061131563
0061128899
0061131148
0061130362
0061131229
006112219X
0061136883
0061132276
0061134015
0061131768
0061123951
006113399X
0061136697
0061134244
0061131547
006112558X
0061137863
0061137634
0061139122
0061136670
0061120162
006113760X
0061130419
0061140082
0061127590
0061137588
0061143464
0061116718
0061143499
0061122424
0061083623
0061143316
0061143405
0061148091
0061150401
0061139068
0061146668
0061133981
0061124265
0061147710
0061153915
0061142050
0061152404
0061147931
0061161217
0061153745
0061161640
0061147966
0061143332
0061173177
0061146080
0061173940
0061161721
0061173568
006117422X
0061160903
0061147974
0061170623
0061161535
0061147761
0061173487
0061180092
0061193739
0061154296
0061161500
0061173193
0061189529
0061177571
0061188484
0061189391
0061170747
0061215341
0061177598
0061150169
0061228575
0061229695
006121440X
0061229636
0061210013
0061227374
0061176141
0061228605
0061138398
0061231460
0061232602
006123334X
0061233595
0061231436
0061227315
0061214957
0061215120
0061175846
0061236187
0061236233
0061236225
0061214442
0061230944
0061235903
0061238279
0061229687
0061231533
0061233560
0061230898
0061231037
0061236837
0061232173
0061236128
0061240419
0061239550
0061241733
0061236799
0061239224
0061240443
0061233358
006123379X
0061240249
0061238856
0061229547
0061173509
0061244082
0061243027
0061246271
0061239542
0061235989
0061235954
0061240389
0061236764
0061246247
0061233544
0061252727
0061229776
0061240060
0061240281
0061241962
0061243000
0061240257
0061252417
0061242845
0061246565
0061233498
0061256684
0061254630
0061249645
0061243582
006124189X
0061246476
0061257079
0061210056
0061257052
0061284165
0061287539
0061286087
0061284270
0061287512
0061252492
0061257095
0061286125
0061253642
006126055X
0061255653
0061284262
0061238783
0061284920
0061256773
0061315508
0061243507
0061286109
0061284653
0061252794
0061283932
0061340324
0061234923
006133698X
0061344613
0061336092
0061340782
0061341231
0061346659
0061345776
0061340758
0061340650
0061284742
0061238600
0061341592
0061351512
0061351938
0061344648
0061351520
0061341584
0061336211
0061355437
0061349151
0061358134
0061348155
006136293X
0061348171
0061351865
006133751X
0061340634
0061288640
0061373133
0061373559
0061373486
0061348147
0061369276
0061363200
0061355577
0061351849
0061351415
0061370509
0061244058
0061351326
0061374814
0061351202
006137427X
0061374040
0061374245
0061375373
0061369268
0061379131
0061375950
0061340405
0061370916
0061374296
0061430226
0061430005
0061429791
0061374989
006136827X
0061430803
0061373540
0061431605
0061433020
0061374059
0061432679
0061373516
0061432865
006143163X
006143275X
0061375330
0061432768
0061433047
0061434418
0061430218
0061431389
0061442941
0061256765
0061367036
0061445886
0061438456
0061438332
0061441783
0061440795
0061446181
0061432040
0061449083
0061450693
0061429929
0061438448
0061451843
0061451630
0061436933
0061452556
0061453099
0061451487
0061450545
0061449113
0061450553
0061458589
0061451932
0061370908
0061458457
0061451975
0061468401
006145303X
0061466557
0061472816
0061433071
0061458570
0061441848
0061458546
0061449725
006145205X
0061478113
0061473588
0061474622
0061452955
0061474290
0061478156
0061490962
006147875X
0061472573
0061537136
0061536105
0061474150
0061474096
0061498211
0061478040
006149125X
0061473812
0061455156
0061470848
006155183X
0061556157
0061547484
0061457876
0061536083
0061561223
0061553395
0061560952
0061470317
0061560758
0061470872
0061558346
0061565989
0061535680
006156320X
0061544450
0061568074
0061556300
0061492221
006149190X
0061573132
006146838X
0061576603
0061567167
0061576654
0061582050
0061577766
0061624780
0061568007
0061625124
0061579521
0061584444
006157113X
0061628352
0061624764
0061628689
0061630594
0061629863
0061583286
0061579505
0061656054
0061626570
0061583251
0061547786
0061655937
0061656046
0061650714
0061655953
006165096X
0061650927
0061558257
006167091X
0061663417
0061671797
0061470899
0061661511
0061652636
0061626848
0061655503
0061668095
006167088X
0061670138
0061673889
0061657328
0061673463
0061672238
0061684228
0061671738
0061684244
0061684317
0061552054
0061686549
0061626821
0061576638
0061689068
0061690449
0061690317
0061700886
0061690279
0061703567
0061692042
0061702323
0061700126
0061706558
0061710393
006170654X
0061710245
0061713244
0061706515
0061714283
0061692069
0061710318
006170007X
0061711527
0061710261
0061718130
0061714623
0061717142
0061710164
0061704237
0061713767
0061715107
0061706876
0061689378
0061704326
0061714364
0061721816
0061719315
0061725978
0061724769
0061712612
0061707872
0061727717
0061726168
0061719544
0061730793
0061699063
0061727660
0061731153
0061728616
0061730882
0061733121
0061732478
0061733997
0061730424
0061723738
0061733636
006173585X
0061728470
0061735175
0061721557
0061735086
0061731161
0061730335
0061744522
0061726885
0061728985
0061735027
0061735051
0061728284
0061755982
0061733148
0061765538
0061713805
006176826X
0061727695
0061763292
0061769533
0061766348
0061774618
0061771104
0061774154
0061734977
0061769142
0061775142
0061774170
0061774596
0061732346
006174882X
006173456X
0061778915
0061779725
0061766720
0061721794
0061777250
0061778745
0061772437
0061782351
0061779792
0061791083
0061791059
006177409X
0061774022
0061787310
0061784818
0061714658
0061774057
0061768111
0061778761
0061782181
0061766224
0061789747
0061774804
0061791768
0061787752
0061782246
0061782203
006179709X
006179211X
0061779776
0061807044
0061803863
0061807311
0061809489
006180732X
0061806935
0061804096
0061771317
0061824720
0061816833
0061804207
0061779741
0061791784
0061824585
0061826979
0061807249
0061787779
0061810886
0061825875
0061825905
0061827037
0061826871
0061774790
006180889X
0061827649
0061851892
0061857769
0061843407
0061857637
0061840300
006180679X
0061857661
0061857793
0061857572
006182674X
0061875724
006182593X
0061876747
0061834793
0061836923
0061804320
0061857521
0061859370
0061876933
0061876917
0061876771
006187826X
0061864501
0061859303
0061878251
0061878200
0061888168
0061840548
0061894087
0061859311
0061895075
0061895083
0061894443
0061894893
0061875015
0061840289
0061841358
0061896462
0061914983
0061894591
0061928798
0061928879
0061905283
0061829838
0061859397
0061926620
0061885665
0061926523
0061906077
0061895067
0061938564
006194100X
0061915106
0061930067
0061938351
0061924687
0061939900
0061944866
0061930245
0061923931
0061922978
0061924601
0061886394
0061915130
0061928771
0061946869
0061934380
0061939234
0061951668
0061929573
0061915017
0061950718
0061956317
0061852074
0061958549
0061958794
0061924075
0061958522
006195165X
0061958514
0061928356
0061928178
0061938327
0061956953
0061930229
0061958867
0061961280
0061958859
0061929883
0061951633
0061962244
0061962163
006194436X
0061944343
0061920908
0061963089
0061958956
006194646X
0061958328
0061963119
0061964239
0061923036
006191648X
0061953385
0061976202
0061951641
006195070X
0061961299
0061965499
0061969818
0061967599
0061965510
006196963X
0061978558
0061985082
0061964204
0061962783
0061965537
0061983918
0061986410
0061989207
0061989363
0061941026
0061982083
0061969559
0061988243
0061974072
0061976016
0061990612
0061965618
006197918X
0061945382
0061978086
0061988421
0061992704
0061994936
0061984035
0061986623
0061991074
0061990027
0061996521
0061997196
006199605X
0061964549
006199555X
0061994057
0061989193
0061997129
0061992771
0061992119
0061996041
0061997390
0061997102
0061999180
0061999318
006199779X
0061998885
0061997730
0061999164
0061989622
0061999857
0061997749
006199930X
0062001388
0061986755
0061999091
0061998974
0062002767
0061997161
0061990647
0061998869
0061993158
0061992259
0062000675
0061998982
0062005944
0061999369
0062007203
0061995193
006200400X
006200719X
0062003992
0061998966
0061998958
0061998850
006199846X
0062008129
0062004662
006201451X
0062015060
0062014498
0062009710
0062012096
0062015702
0062015087
0062009621
0061997188
0061990558
0061999296
0061997773
0062015664
0062015869
0062015761
0062019805
0062007475
006200476X
0062014862
006201983X
0062003976
0062004794
0062015893
0062011839
0062019740
0062020153
0062019872
0061999709
0062019406
0062000373
0062015680
0062019481
006202423X
0062004808
0061999288
0062019635
0062021877
0062024671
0061991015
0062015737
0062025317
0062023179
0062025473
0062021346
0062011847
0061996556
0062019309
0062006428
0062043536
0062026879
0062041266
0062030310
0062025066
006203460X
0062024612
0061977969
006204866X
0062049585
0062037676
0062047523
0062049739
0062049232
0062059114
006205905X
0062027565
0062049836
0062021338
0062045032
0062038028
0061994715
0062049801
0062045083
0062019074
0062019503
0062038311
006204978X
0062025341
0062007408
0062019716
0062019708
0062060627
0062061852
0062049615
0062049895
0062051857
0062065246
0062049763
0062060589
0062068490
0062068512
0062019430
0062070495
0062070436
0062060554
0062027794
006206911X
0062067753
0062070320
0062065890
0062019511
0062065858
0062069888
0062069918
0062064223
0062068547
0062070401
006206777X
0062070185
0062070460
0062027808
0062073184
0062066005
0062073621
0062068504
0062075160
0062078119
0062078178
0062070797
0062051989
0062069195
0062082035
0062078070
0062070908
0062078143
0062082957
006208349X
0062083023
0062084194
0062084712
0062078445
0062077880
0062083457
0062084216
0062073583
0062083279
0062083430
006207993X
0062080539
0062086367
0062086294
0062083414
0062088173
0062073575
0062088238
0062078453
0062077902
0062082361
0062088068
0062087045
0062092642
0062075535
006209159X
006209033X
0062086405
0062070304
0062086413
0062094491
006208240X
0062083511
0062086383
0062074350
0062092820
0062070223
0062080830
006209565X
0062094548
0062100343
0062088262
0062089064
0062100033
0062103334
0062092782
0062099493
0062100203
0062076035
0062107909
0062107968
0062109901
0062105698
0062110764
0062106074
0062110721
006210229X
0062107860
0062090127
0062092847
0062107321
0062107771
0062106260
0062117572
0062103105
0062117645
0062110675
0062114050
0062103296
0062118110
006211946X
006211817X
0062117432
0062112481
0062119516
0062117602
006212255X
0062121758
0062123343
0062115855
0062110845
0062123327
0062116517
0062121855
0062120409
0062127187
0062124277
006212997X
0062088165
0062122681
0062126059
0062125176
0062110705
0062119737
0062132822
0062129910
0062130528
0062121030
0062134701
0062129473
0062132563
0062132520
0062135260
0062183788
0062184857
0062133403
0062132431
006218766X
0062135449
0062132717
0062136585
0062135473
0062190431
0062187880
006218783X
0062187767
0062130544
0062190458
0062183613
0062089234
0062132474
0062194097
0062194127
006218363X
0062109863
0062193902
0062188518
0062195387
0062121669
0062189131
0062195514
0062195352
0062197339
0062198696
0062187856
0062202235
0062187686
0062194046
0062103377
0062195409
0062202715
0062200631
0062195700
0062205579
0062193643
0062201182
0062194836
006220629X
0062135279
0062197258
0062207717
0062198718
0062208381
0062207512
0062209728
0062109391
0062206230
0062113763
0062209566
0062206451
0062198890
006221120X
0062218301
0062218832
0002005883
0062216880
0062218344
0062219111
0062216929
0062219987
0062209507
0062222406
0062220756
0062205420
0062223399
0062202618
0062200585
0062213792
0062194178
0062221388
0062217216
0062219022
0062223194
0062198769
0062224840
0062206745
0062225286
0062220519
0062223070
0062220551
0062203185
0062225472
0062225022
0062225596
006222624X
0062227327
0062227289
0062220632
0062225065
0062227378
0062221078
0062223704
0062223879
0062227076
0062222376
0062224077
0062222295
0062224069
0062224700
0062227092
0062187910
0062232509
0062229818
0062227157
0062229192
0062209841
0062237101
0062230174
0062210467
0062237535
0062225448
0062223135
006223496X
0062237306
0062237330
0062237845
0062240323
0062237209
0062218085
0062240196
0062237489
0062242385
0062240501
0062240021
0062230565
0062237136
0062237152
0062237225
0062237454
0062240560
0062236687
0062233653
0062242717
0062245376
0062236652
006224776X
0062243349
0062248774
0062241451
0062246941
0062244752
006223885X
0062248170
0062241338
0062253425
0062252550
0062248472
0062257285
0062259563
0062240692
006224924X
0062262343
0062240048
0062240129
0062264338
0062257838
0062266551
006226625X
0062257641
0062221523
0062262130
0062262017
0062257420
0062251678
0062267582
0062266527
0062267493
0062269119
0062262319
0062267337
0062262262
006225930X
0062269518
006226303X
0062269003
0062245902
0062268147
0062267418
0062269925
0062270486
0062270214
0062265423
0062249908
0062271725
0062270419
0062270338
0062270826
0062273248
0062267523
0062270044
0062270524
0062273353
0062270397
006226835X
006224020X
0062272489
0062272527
006227189X
006227676X
0062276026
0062276603
0062273477
006227161X
0062270060
0062235672
0062271814
0062281259
0062265466
006227998X
0062283057
0062279939
006227371X
0062270184
0062286072
0062279661
0062287079
0062267949
0062285572
0062284398
006228553X
0062288849
0062279394
0062274554
0062287141
0062291076
0062283103
0062284738
0062292439
0062289985
0062290398
0062283162
0062292811
0062277022
0062293192
006229427X
0062290851
0062291890
0062283235
006229038X
0062294903
0062295411
0062286463
0062299999
0062297309
0062292587
0062276115
0062291408
0062297376
0062293990
0062294431
0062295462
0062289233
0062302515
0062297716
0062304240
0062303856
0062294407
006229623X
0062293753
0062302124
0062290983
006230402X
0062295896
0062287931
0062273574
0062307568
0062305840
006229170X
0062297163
0062306189
0062302892
006230268X
0062306812
0062309668
0062303821
0062307363
0062310860
0062312081
0062305190
0062310828
0062301705
0062312464
0062315390
0062310755
0062310151
0062309897
0062309528
0062294822
0062315293
0062306715
0062315420
0062316001
0062319094
0062317253
0062319671
0062313339
0062311158
0062316060
0062306022
0062320165
0062320475
0062320041
0062319299
0062320432
0062320084
0062306200
0062313797
0062318985
0062320955
0062316869
006232344X
0062319205
0062325868
0062316893
0062320890
0062325973
006229704X
006232103X
0062319787
0062328956
0062325388
0062324055
006232974X
0062328247
0062326090
0062325906
0062328964
0062319221
0062330268
0062327186
0062328026
0062316028
0062317164
0062333100
0062333003
0062334891
0062334565
0062336010
0062326279
0062333178
0062334638
0062335944
0062339400
0062340093
0062339486
0062336592
0062338366
0062342851
0007414498
0062344552
0062335979
0062338307
006233252X
0062346873
0062342517
0062346032
0062342150
0062345877
0062343637
0062349732
0062351427
0062352946
0062349317
0062349376
0062346598
0062351354
0062351265
0062349406
0062351966
0062348892
0062348876
0062356453
0062351575
0062334794
0062344587
0062356402
006235695X
006234935X
0062325957
006234398X
006233669X
0062351540
0062349775
000730417X
0062354477
0062360566
0062359924
0062359908
0062358332
0062362860
0062363603
0062356372
0062359991
0062364936
0062362992
0062364847
0062366548
0062366572
0062365592
0062363239
0062362267
0062354639
0062355805
0062350420
0062349759
0062349422
0062322524
0062363271
0062365576
0062368745
0062368435
0062369547
006236958X
0062372149
0062369296
0062358685
006235065X
0062363212
0062366920
0062371223
0062376322
0062378082
0062368710
0062374605
0062377183
0062381644
0062363018
0062362593
0062380257
0062384392
0062381938
0062381962
0062380001
0062383256
0062379410
0062382012
0062386344
0062369512
0062386220
0062388320
0062367633
0062381717
0062388290
0062381768
0062386255
0062386190
0062384333
006236961X
0062389556
006238628X
0062391267
0062388274
0062391712
0062347268
0062391763
0062391194
0062391453
0062391615
0062390759
0062389920
0062391755
006239178X
0062366661
0062333860
006239505X
0062381970
0062394568
0062390481
0062389823
0062378740
0062395106
0062391909
0062403508
0062390163
0062381822
0062404962
0062400363
0062405020
006240489X
0062397834
0062395076
0062383337
0062407740
0062399373
0062405616
0062405101
0062402137
0062398792
006240606X
0062409921
0062409700
0062409212
0062403168
0062407368
0062391925
006240749X
0062400827
0062410318
0062409883
0062402153
0062406108
0062414917
0062414283
0062415832
0062413627
0062415484
0062413473
0062419382
0062390511
0062419684
0062418548
006241898X
0062420399
006242243X
0062416103
0062418998
0062424300
0062419897
0062427008
0062425439
0062427032
0062422863
0062390783
0062400797
006242923X
0062430610
0062430483
0062429701
006243022X
0062429973
0062404989
0062429256
0062422790
0062435167
0062436325
0062435841
0062433180
0062382004
0062377213
0062433229
0062431935
0062403796
0062436635
0062433490
006242338X
0062428527
0062429078
0062436600
0062428209
0062440586
006243375X
0062441701
0062439669
0062443011
0062437836
0062444220
0062437550
0062448870
0062413864
0062442244
0062427059
0062441191
0062421743
0062448854
006242890X
0062439545
0062444425
0062412582
0062458825
0062440004
0062433970
0062458345
0062450328
0062449680
0062458299
0062439723
0062465562
0062460315
0062454943
0062457462
0062456830
0062469045
0062431781
0062469894
0062443895
0062469681
0062448021
0062467255
0062458248
0062473352
0062490753
0062476106
0062475460
0062473611
0062476769
0062456601
0062476823
0062438514
0062476661
0062473557
0062499742
006249905X
0062448048
0062427563
0062491989
0062475363
0062467492
0062491792
0062497774
0062499866
006249984X
0062443275
006243876X
0062502891
006248415X
0062499955
0062498533
0062507214
0062506080
0062507540
0062472984
0062507575
006249547X
0062506552
0062509586
0062445820
0062513710
0062514253
0062507877
0062447092
0062514245
006251475X
0062501860
0062516884
0062514865
0062516329
0062563696
0062562681
006251248X
006264131X
0062565486
0062657801
006256367X
0062656309
006264579X
0062654195
0062554468
0062660764
0062562665
0062561723
0062673394
006265635X
0062565907
0062676970
0062658948
0062670964
0062657542
006266008X
0062653954
0062645234
0062676687
0062562622
0062661884
0062684388
0062684922
006267613X
0062670751
0062685341
0062687964
0062676660
0062695525
0062663631
0062686666
0062678345
0062678418
0062663720
0062700502
0062702475
0062566393
0062730665
0062720066
0062694057
0062666711
0062730487
0062720465
0062676229
0062686704
0062678108
0062567381
0062731025
006282015X
0062760513
0062663119
0064401308
0064403688
0064401987
0062737171
0064400646
0064405443
006440370X
0064403335
0062792369
006267871X
0064405850
0062797190
0064406016
006440630X
0064404242
0064409635
0064431134
0064430537
0064432807
0064434990
0064437248
0064431452
006443348X
0064438457
006444094X
0064433722
0064434281
0064441075
0064438724
0064451178
0064440958
0064442357
0064438562
0064434877
0064460991
0064435164
0064442241
0064470059
0064473627
0064404455
0064470482
0064434222
0064467112
0064467309
0066209544
0066211484
0064473414
006447030X
0066212375
0066213703
0066620821
0066620546
0066620732
0066620147
0066237815
006621369X
0066620414
006661998X
0066620872
0066213673
0064472914
0070078386
0070130914
0066620023
0070120641
0070164983
0070220107
0070168938
0070212570
0070245487
0070251827
0070185506
0070241252
0070268576
0070296944
0070258058
0070296952
0070444587
0070475954
0070480745
0070534489
0070544824
0070592020
007058043X
0070562121
0070647623
0070581045
0070680337
0070653151
0070653380
0070506728
0071186948
0071101802
0070732183
0071352430
0071351280
0071357548
0071360719
0071351817
0071364781
0071368280
0071369929
0071364471
0071362932
0071381643
007138037X
0071373683
0071373691
0071382402
0071364382
0071389970
0071381392
0071383832
007140225X
0071361065
0071412158
0071401946
007141892X
0071419306
0071418717
0071412980
0071424911
0071428488
0060155663
0071422889
007144534X
0071445447
0071446435
007145389X
0071453393
0071464719
0071462090
0071462694
0071464573
007146901X
0071463380
0071472339
007148664X
0071482660
007149667X
007149717X
0071498060
0071558675
0071490655
0007145608
0071597174
0071592083
0071499938
0071625348
0071629971
0071700528
0071743278
0071753931
0071775919
0071809201
0071818774
0071830820
0071849467
0071850198
0072131640
007184788X
0072262788
0075542234
0075536447
0075536579
007553648X
007553665X
0077226356
0075536498
0077862317
0078203732
0078203759
0080068472
0080890520
0091273005
0090874900
0091794463
0091736390
0090874404
0091795273
0091328004
0091796180
0091812941
0091555604
0091799759
0091752108
0091591104
0091791901
0091797233
009179661X
0091801664
0091799961
0091767296
0091493714
0091255503
0091857023
0091876508
0091870739
0091867770
0091884179
0091794951
0091854288
0091892406
0091895367
0091800188
0091876540
0091816971
0091925649
0091931452
0091906415
0091926211
0091925657
0091936845
0091936969
0091931754
0091933684
0091941202
0091936810
0091944201
009179384X
0091884632
0091937523
0091890373
0091933129
0091907101
0091949807
0091944244
0091779251
0091923530
0091944058
0091954525
0091953987
0091930863
0091958164
0091926335
0091922348
0091958199
0091953723
0091951453
0091906814
0091953790
0091936152
009193754X
0091958881
0091955106
0091959160
0091948177
0091960320
0091900212
0091953650
0091941326
009195925X
0099175320
0091956943
0099175428
0091958849
0099143615
009193687X
0099199416
0099244926
0099268701
0099201410
009193155X
0099255197
0099274787
0099265346
0099276496
0099269325
0099285029
009928264X
0099244721
0099245027
0099286084
0099285665
0091959195
0099297701
0099249111
0099277972
0099269295
0099271494
0099175622
009928992X
0006512364
0099287595
0099281996
0099233010
0099207915
0099303744
0099134012
0099116413
009192667X
0099184028
0099269473
0099401851
0099282879
0099281716
009941077X
0099280256
0099282194
0099410389
0099307308
009928958X
0099410281
0099417995
0099286386
0099288230
0099416379
0099416158
0099414732
0099256533
0099422697
0099286092
0099280981
0099422395
0099416441
0099175525
0099415631
009930791X
0099302780
0099410435
0099269309
0099427745
0099421348
0099362813
0099436760
009941628X
0099436817
0099387913
0099415178
0099366614
0099429837
0099441470
0099417952
0099429322
0099409844
0099288028
0091909104
0099437961
0099267195
0099437597
0099422743
0099446758
0099448629
0099441519
0099437821
0099441497
009944688X
0099446987
0099406136
0099297213
0099453924
0099415186
0099428385
0099446782
0099409933
0099431858
0099449153
0099452243
0099461560
0099450410
0099429187
0099453193
0099453487
0099416344
0099457156
009941516X
009917961X
0099448599
0099279320
0099428121
0099410214
0099460173
0099427966
0099460297
009946019X
0099460254
0099465760
0099463555
0099429799
0099468050
0099466295
0099455455
0099465647
0099465558
0099457164
0099466708
0099456761
0099298309
0099446723
0099453835
0099471426
009946604X
0099471434
0099462095
0099466562
0099462265
0099456451
0099430967
0099472198
0099468069
0099445549
0099448769
0099449293
0099435047
0099439972
0099477572
0099455048
0099463431
0099462230
0099468190
0099453452
0099478390
0099460238
0099479869
0099465639
0099474530
0099443635
0099481243
0099458322
0099465779
0099460165
0091959063
0099481685
0099476436
0099451832
0099474123
0099465582
0099451956
0099472252
0099447096
0099486881
0091944562
0099421526
0099471388
0099490544
0099481839
0099478471
0099470470
0099493659
0099493683
0099485311
0099489767
0099493691
0099493756
0099466023
0099490951
0099493799
0099478439
0099461552
0099493748
0099452022
0099493675
0099478986
009947445X
0099493632
0099435624
0099478447
009949048X
0099497050
0099448793
0099427869
0099502372
009949793X
0099491982
0099505495
0099458098
009950975X
0099492407
0099493667
009941693X
0099512963
0099507781
0099474425
0099502542
0099478374
0099461234
0099502704
0099478323
0099511657
0099505967
0099513757
0099492393
0099513846
0099471442
0099504286
0099513021
0099514192
0099503204
0099518880
0099493497
0099514079
0099513935
0099493764
0099521245
009950622X
0099518783
0099514028
009951463X
0099472287
0099528274
0099525372
009951169X
0099513943
009948367X
0099515237
0099466899
0099526158
0099481847
0099488655
009950569X
009946117X
0099491222
0099493721
0099515725
0099516195
0099503921
0099523620
0099491036
0099528398
0099527499
0099520273
0099521296
0099524252
0099469553
0099514591
0099524139
0099522152
0099528649
0099536633
009952399X
0099506130
0099534630
0099528533
0099518457
0099494175
0099526964
0099532271
009949356X
0099514575
0099492369
0099499487
0099464462
0099525380
0099526972
0099549360
009951897X
0099548771
0099520389
0099547627
0099533367
0099529440
0099527863
0099525259
0099523558
0099548380
0099507641
0099551799
0099549344
0099554976
0099533251
0099497654
0099533642
0099555948
0099560623
0099550067
0099556308
0099539551
0099494280
0099561832
0099554429
0099465930
